%x=[0 -7 5; 0 4 7; -4 3 -7]

%y=inv(x)
%y

%x=[ 6 -1; 12 8; -5 4]
%y=[4 0; 0.5 2]
%z=[2 -2; 3 1]

%v= x*z;
%v


x=[0.866025 0 -.5 0 0 0; 0.5 0 0.866025 0 0 0; -0.866025 -1 0 -1 0 0; -0.5 0 0 0 -1 0; 0 1 0.5 0 0 0; 0 0 -0.866025 0 0 -1;]
y=[0; -1000; 0; 0; 0; 0]

z=x\y;
z
